# unix_time, cycles_done, cur_path, paths_total, pending_total, pending_favs, map_size, unique_crashes, unique_hangs, max_depth, execs_per_sec
1561149133, 0, 0, 5, 5, 5, 4.02%, 0, 0, 1, 229.89
1561149139, 0, 0, 7, 7, 5, 4.39%, 0, 0, 2, 298.87
1561149144, 0, 0, 36, 36, 5, 5.14%, 0, 0, 2, 271.51
1561149250, 0, 0, 47, 47, 5, 5.19%, 0, 0, 2, 259.14
1561149255, 0, 0, 52, 52, 5, 5.20%, 0, 0, 2, 255.59
1561149265, 0, 0, 57, 57, 5, 5.22%, 0, 0, 2, 255.27
1561149270, 0, 0, 58, 58, 5, 5.23%, 0, 0, 2, 244.94
1561149290, 0, 0, 62, 62, 5, 5.23%, 0, 0, 2, 254.02
1561149296, 0, 0, 71, 71, 5, 5.25%, 0, 0, 2, 255.60
1561149301, 0, 0, 97, 97, 5, 5.61%, 0, 0, 2, 257.60
1561149306, 0, 0, 118, 118, 5, 5.71%, 1, 1, 2, 181.93
1561149311, 0, 0, 130, 130, 5, 5.74%, 1, 1, 2, 234.00
1561149316, 0, 0, 147, 147, 5, 5.86%, 1, 1, 2, 251.89
1561149321, 0, 0, 164, 164, 5, 5.86%, 2, 1, 2, 168.64
1561149326, 0, 0, 172, 172, 5, 5.87%, 2, 1, 2, 241.70
1561149331, 0, 0, 181, 181, 5, 5.87%, 3, 1, 2, 215.22
1561149336, 0, 0, 190, 190, 5, 5.88%, 4, 1, 2, 266.12
1561149341, 0, 0, 198, 198, 5, 5.89%, 4, 1, 2, 260.77
1561149346, 0, 0, 215, 215, 5, 5.96%, 4, 1, 2, 249.09
1561149352, 0, 0, 245, 245, 5, 6.11%, 5, 1, 2, 233.53
1561149357, 0, 0, 261, 261, 5, 6.56%, 5, 1, 2, 253.47
1561149468, 0, 0, 263, 263, 5, 6.57%, 5, 1, 2, 251.09
1561149473, 0, 0, 264, 264, 5, 6.57%, 5, 1, 2, 255.34
1561149514, 0, 0, 271, 271, 5, 6.65%, 5, 1, 2, 259.93
1561149519, 0, 0, 277, 277, 5, 6.67%, 5, 1, 2, 264.17
1561149524, 0, 0, 280, 280, 5, 6.69%, 5, 1, 2, 263.31
1561149529, 0, 0, 285, 285, 5, 6.70%, 5, 1, 2, 278.01
1561149534, 0, 0, 287, 287, 5, 6.70%, 5, 1, 2, 262.56
1561149549, 0, 0, 288, 288, 5, 6.70%, 5, 1, 2, 250.16
1561149555, 0, 0, 304, 304, 5, 6.71%, 5, 1, 2, 57.38
1561149560, 0, 0, 309, 309, 5, 6.72%, 5, 1, 2, 215.04
1561149687, 0, 0, 310, 310, 5, 6.72%, 5, 1, 2, 243.45
1561149712, 0, 0, 311, 311, 5, 6.72%, 5, 1, 2, 252.11
1561149717, 0, 0, 312, 312, 5, 6.73%, 5, 1, 2, 259.31
1561149723, 0, 0, 313, 313, 5, 6.75%, 5, 1, 2, 265.78
1561149733, 0, 0, 314, 314, 5, 6.75%, 5, 1, 2, 260.60
1561149743, 0, 0, 315, 315, 5, 6.75%, 5, 1, 2, 250.64
1561149758, 0, 0, 317, 317, 5, 6.75%, 5, 1, 2, 258.62
1561149763, 0, 0, 322, 322, 5, 6.75%, 5, 1, 2, 168.55
1561149779, 0, 0, 323, 323, 5, 6.75%, 5, 1, 2, 252.02
1561149784, 0, 0, 324, 324, 5, 6.76%, 5, 1, 2, 255.34
1561149789, 0, 0, 326, 326, 5, 6.76%, 5, 1, 2, 242.95
1561149794, 0, 0, 330, 330, 5, 6.76%, 5, 1, 2, 249.72
1561149804, 0, 0, 334, 334, 5, 6.77%, 5, 1, 2, 248.31
1561149809, 0, 0, 348, 348, 5, 6.77%, 5, 1, 2, 266.78
1561149814, 0, 0, 356, 356, 5, 6.79%, 5, 1, 2, 265.91
1561149819, 0, 0, 358, 358, 5, 6.80%, 5, 1, 2, 256.00
1561149961, 0, 0, 359, 359, 5, 6.80%, 5, 1, 2, 261.01
1561149996, 0, 0, 362, 362, 5, 6.81%, 5, 1, 2, 256.41
1561150001, 0, 0, 363, 363, 5, 6.84%, 5, 1, 2, 248.22
1561150006, 0, 0, 364, 364, 5, 6.84%, 5, 1, 2, 26.57
1561150016, 0, 0, 365, 365, 5, 6.85%, 5, 1, 2, 249.86
1561150022, 0, 0, 366, 366, 5, 6.86%, 5, 1, 2, 254.02
1561150047, 0, 0, 368, 368, 5, 6.86%, 5, 1, 2, 261.78
1561150052, 0, 0, 369, 369, 5, 6.87%, 5, 1, 2, 263.65
1561150057, 0, 0, 372, 372, 5, 6.87%, 5, 1, 2, 24.13
1561150093, 0, 0, 373, 373, 5, 6.87%, 5, 1, 2, 259.04
1561150154, 0, 0, 374, 374, 5, 6.87%, 5, 1, 2, 257.78
1561150159, 0, 0, 375, 375, 5, 6.87%, 5, 1, 2, 261.16
1561150174, 0, 0, 378, 378, 5, 6.87%, 5, 1, 2, 267.02
1561150184, 0, 0, 394, 394, 5, 6.89%, 5, 1, 2, 247.09
1561150189, 0, 0, 395, 395, 5, 6.89%, 5, 1, 2, 138.13
1561150200, 0, 0, 397, 397, 5, 6.90%, 5, 1, 2, 239.52
1561150215, 0, 0, 399, 399, 5, 6.90%, 5, 1, 2, 270.46
1561150225, 0, 0, 403, 403, 5, 6.91%, 5, 1, 2, 257.21
1561150230, 0, 0, 405, 405, 5, 6.91%, 5, 1, 2, 257.05
1561150235, 0, 0, 407, 407, 5, 6.91%, 5, 1, 2, 252.83
1561150241, 0, 0, 409, 409, 5, 6.91%, 5, 1, 2, 253.02
1561150413, 0, 0, 409, 409, 5, 6.91%, 6, 1, 2, 194.80
1561150631, 0, 0, 409, 409, 5, 6.91%, 7, 1, 2, 244.32
1561150876, 0, 0, 410, 410, 5, 6.91%, 7, 1, 2, 270.90
1561151055, 0, 0, 412, 412, 5, 6.92%, 7, 1, 2, 255.80
1561151070, 0, 0, 416, 416, 5, 6.92%, 7, 1, 2, 232.89
1561151075, 0, 0, 418, 418, 5, 6.92%, 7, 1, 2, 255.16
1561151121, 0, 0, 419, 419, 5, 6.93%, 7, 1, 2, 235.58
1561151131, 0, 0, 423, 423, 5, 6.93%, 7, 1, 2, 250.96
1561151152, 0, 0, 433, 433, 5, 6.93%, 7, 1, 2, 238.30
1561151157, 0, 0, 436, 436, 5, 6.94%, 7, 1, 2, 268.52
1561151253, 0, 0, 438, 438, 5, 6.94%, 7, 1, 2, 253.20
1561151258, 0, 0, 439, 439, 5, 6.94%, 7, 1, 2, 132.24
1561151264, 0, 0, 440, 440, 5, 6.94%, 7, 1, 2, 237.91
1561151269, 0, 0, 442, 442, 5, 6.94%, 7, 1, 2, 256.32
1561151325, 0, 0, 443, 443, 5, 6.94%, 7, 1, 2, 168.85
1561151330, 0, 0, 444, 444, 5, 6.94%, 7, 1, 2, 219.63
1561151361, 0, 0, 445, 445, 5, 6.94%, 7, 1, 2, 250.50
1561151366, 0, 0, 448, 448, 5, 6.95%, 7, 1, 2, 275.50
1561151371, 0, 0, 449, 449, 5, 6.95%, 7, 1, 2, 263.79
1561151376, 0, 0, 450, 450, 5, 6.95%, 7, 1, 2, 246.94
1561151396, 0, 0, 452, 452, 5, 6.95%, 7, 1, 2, 224.87
1561151401, 0, 0, 466, 466, 5, 6.97%, 7, 1, 2, 262.02
1561151407, 0, 0, 471, 471, 5, 6.97%, 7, 2, 2, 10.04
1561151412, 0, 0, 479, 479, 5, 6.98%, 8, 2, 2, 288.14
1561151417, 0, 0, 489, 489, 5, 6.98%, 8, 2, 2, 290.54
1561151422, 0, 0, 496, 496, 5, 6.99%, 8, 2, 2, 292.35
1561151427, 0, 0, 498, 498, 5, 6.99%, 8, 2, 2, 285.21
1561151432, 0, 0, 502, 502, 5, 6.99%, 9, 2, 2, 280.59
1561151438, 0, 0, 505, 505, 5, 6.99%, 10, 2, 2, 289.51
1561151443, 0, 0, 507, 507, 5, 6.99%, 10, 2, 2, 288.55
1561151448, 0, 0, 510, 510, 5, 6.99%, 10, 2, 2, 290.12
1561151453, 0, 0, 511, 511, 5, 6.99%, 10, 2, 2, 290.35
1561151458, 0, 0, 514, 514, 5, 6.99%, 10, 3, 2, 291.43
1561151463, 0, 0, 516, 516, 5, 6.99%, 10, 3, 2, 289.01
1561151468, 0, 0, 519, 519, 5, 6.99%, 10, 3, 2, 294.79
1561151473, 0, 0, 522, 522, 5, 6.99%, 10, 3, 2, 288.35
1561151478, 0, 0, 524, 524, 5, 6.99%, 11, 3, 2, 294.90
1561151483, 0, 0, 527, 527, 5, 6.99%, 14, 3, 2, 292.78
1561151494, 0, 0, 528, 528, 5, 7.00%, 15, 3, 2, 293.43
1561151499, 0, 0, 529, 529, 5, 7.00%, 16, 3, 2, 287.03
1561151504, 0, 0, 531, 531, 5, 7.00%, 16, 3, 2, 286.37
1561151509, 0, 0, 534, 534, 5, 7.00%, 17, 3, 2, 292.20
1561151514, 0, 0, 540, 540, 5, 7.00%, 17, 3, 2, 287.66
1561151519, 0, 1, 541, 540, 141, 7.00%, 17, 3, 2, 302.31
1561151524, 0, 1, 545, 544, 141, 7.03%, 17, 3, 2, 280.42
1561151606, 0, 1, 546, 545, 141, 7.03%, 17, 3, 2, 254.91
1561151672, 0, 1, 547, 546, 141, 7.03%, 17, 3, 2, 252.30
1561151677, 0, 1, 553, 552, 141, 7.05%, 17, 3, 2, 31.06
1561151683, 0, 1, 553, 552, 141, 7.05%, 18, 3, 2, 261.15
1561151693, 0, 1, 555, 554, 141, 7.05%, 18, 3, 2, 232.94
1561151708, 0, 1, 562, 561, 141, 7.05%, 18, 3, 2, 226.61
1561151713, 0, 1, 566, 565, 141, 7.05%, 18, 3, 2, 244.28
1561151866, 0, 1, 567, 566, 141, 7.05%, 18, 3, 2, 239.87
1561151887, 0, 1, 568, 567, 141, 7.05%, 18, 3, 2, 250.90
1561151892, 0, 1, 569, 568, 141, 7.05%, 18, 3, 2, 46.85
1561152085, 0, 1, 570, 569, 141, 7.05%, 18, 3, 2, 194.64
1561152131, 0, 1, 571, 570, 141, 7.05%, 18, 3, 2, 273.05
1561152136, 0, 1, 575, 574, 141, 7.05%, 18, 3, 2, 258.71
1561152391, 0, 1, 576, 575, 141, 7.05%, 18, 3, 2, 253.31
1561152396, 0, 1, 577, 576, 141, 7.06%, 18, 3, 2, 253.44
1561152421, 0, 1, 578, 577, 141, 7.06%, 18, 3, 2, 260.36
1561152472, 0, 1, 579, 578, 141, 7.06%, 18, 3, 2, 248.86
1561152564, 0, 1, 582, 581, 141, 7.06%, 18, 3, 2, 238.55
1561152569, 0, 1, 584, 583, 141, 7.06%, 18, 3, 2, 51.52
1561153557, 0, 1, 585, 584, 141, 7.06%, 18, 3, 2, 246.83
1561153578, 0, 1, 586, 585, 141, 7.06%, 18, 3, 2, 254.73
1561153643, 0, 1, 587, 586, 141, 7.06%, 18, 3, 2, 260.85
1561153669, 0, 1, 588, 587, 141, 7.06%, 18, 3, 2, 248.38
1561153862, 0, 1, 589, 588, 141, 7.06%, 18, 3, 2, 249.51
1561153964, 0, 1, 592, 591, 141, 7.06%, 20, 3, 2, 283.43
1561153970, 0, 1, 595, 594, 141, 7.06%, 20, 3, 2, 283.54
1561153980, 0, 1, 598, 597, 141, 7.06%, 20, 3, 2, 294.86
1561153985, 0, 1, 600, 599, 141, 7.14%, 20, 3, 2, 291.98
1561153990, 0, 1, 601, 600, 141, 7.14%, 21, 3, 2, 289.17
1561153995, 0, 1, 603, 602, 141, 7.14%, 21, 3, 2, 291.73
1561154000, 0, 1, 605, 604, 141, 7.15%, 21, 3, 2, 291.73
1561154006, 0, 1, 606, 605, 141, 7.15%, 21, 3, 2, 292.08
1561154011, 0, 1, 607, 606, 141, 7.15%, 21, 3, 2, 294.93
1561154016, 0, 1, 610, 609, 141, 7.16%, 21, 3, 2, 295.61
1561154031, 0, 1, 611, 610, 141, 7.16%, 22, 3, 2, 292.67
1561154036, 0, 1, 612, 611, 141, 7.16%, 23, 4, 2, 294.11
1561154041, 0, 1, 614, 613, 141, 7.16%, 23, 4, 2, 295.95
1561154046, 0, 1, 616, 615, 141, 7.16%, 23, 4, 2, 291.33
1561154051, 0, 1, 619, 618, 141, 7.16%, 23, 4, 2, 293.34
1561154067, 0, 1, 619, 618, 141, 7.16%, 24, 4, 2, 294.42
1561154072, 0, 1, 621, 620, 141, 7.16%, 24, 4, 2, 296.73
1561154077, 0, 3, 621, 619, 146, 7.16%, 24, 4, 2, 313.82
1561154082, 0, 3, 625, 623, 146, 7.17%, 24, 4, 2, 272.57
1561154281, 0, 3, 632, 630, 146, 7.18%, 24, 4, 2, 37.43
1561154286, 0, 3, 633, 631, 146, 7.18%, 25, 4, 2, 247.86
1561154296, 0, 3, 636, 634, 146, 7.18%, 26, 4, 2, 202.84
1561154301, 0, 3, 637, 635, 146, 7.18%, 27, 4, 2, 282.88
1561154307, 0, 3, 638, 636, 146, 7.18%, 28, 4, 2, 134.93
1561154317, 0, 3, 640, 638, 146, 7.18%, 28, 4, 2, 246.08
1561154327, 0, 3, 648, 646, 146, 7.18%, 28, 4, 2, 218.86
1561154332, 0, 3, 653, 651, 146, 7.18%, 28, 4, 2, 240.84
1561154531, 0, 3, 656, 654, 146, 7.19%, 28, 4, 2, 271.60
1561154541, 0, 3, 657, 655, 146, 7.19%, 28, 4, 2, 247.58
1561154551, 0, 3, 658, 656, 146, 7.19%, 28, 4, 2, 250.52
1561154567, 0, 3, 659, 657, 146, 7.19%, 28, 4, 2, 251.85
1561154572, 0, 3, 660, 658, 146, 7.19%, 28, 4, 2, 36.20
1561154822, 0, 3, 661, 659, 146, 7.19%, 28, 4, 2, 256.11
1561154873, 0, 3, 662, 660, 146, 7.19%, 28, 4, 2, 247.07
1561154878, 0, 3, 663, 661, 146, 7.19%, 28, 4, 2, 238.23
1561155270, 0, 3, 664, 662, 146, 7.19%, 28, 4, 2, 252.66
1561155479, 0, 3, 667, 665, 146, 7.19%, 28, 4, 2, 247.57
1561155938, 0, 3, 667, 665, 146, 7.19%, 29, 4, 2, 91.09
1561156941, 0, 3, 668, 666, 146, 7.19%, 29, 4, 2, 207.92
1561157242, 0, 3, 669, 667, 146, 7.19%, 29, 4, 2, 248.09
1561157257, 0, 3, 670, 668, 146, 7.19%, 29, 4, 2, 219.68
1561157451, 0, 3, 671, 669, 146, 7.19%, 29, 5, 2, 287.22
1561157456, 0, 3, 672, 670, 146, 7.19%, 29, 5, 2, 273.74
1561157466, 0, 3, 676, 674, 146, 7.19%, 29, 5, 2, 288.62
1561157471, 0, 3, 676, 674, 146, 7.19%, 30, 5, 2, 287.29
1561157476, 0, 3, 677, 675, 146, 7.19%, 30, 5, 2, 276.76
1561157487, 0, 3, 677, 675, 146, 7.19%, 32, 5, 2, 279.13
1561157492, 0, 3, 680, 678, 146, 7.20%, 32, 5, 2, 280.83
1561157507, 0, 3, 681, 679, 146, 7.20%, 32, 5, 2, 283.94
1561157512, 0, 3, 683, 681, 146, 7.20%, 32, 5, 2, 283.89
1561157522, 0, 3, 683, 681, 146, 7.20%, 33, 5, 2, 283.43
1561157527, 0, 3, 684, 682, 146, 7.20%, 33, 5, 2, 279.27
1561157532, 0, 3, 684, 682, 146, 7.20%, 34, 5, 2, 282.14
1561157542, 0, 3, 686, 684, 146, 7.20%, 34, 5, 2, 279.59
1561157547, 0, 3, 689, 687, 146, 7.20%, 34, 5, 2, 271.25
1561157557, 0, 3, 691, 689, 146, 7.20%, 34, 5, 2, 275.71
1561157562, 0, 3, 692, 690, 146, 7.20%, 34, 5, 2, 282.22
1561157568, 0, 4, 692, 689, 154, 7.20%, 34, 5, 2, 293.70
1561157573, 0, 4, 693, 690, 154, 7.20%, 34, 5, 2, 272.21
1561157669, 0, 4, 693, 690, 154, 7.20%, 35, 5, 2, 111.24
1561157685, 0, 4, 695, 692, 154, 7.20%, 36, 5, 2, 203.47
1561157690, 0, 4, 696, 693, 154, 7.20%, 36, 5, 2, 224.27
1561157700, 0, 4, 698, 695, 154, 7.20%, 36, 5, 2, 249.38
1561157710, 0, 4, 700, 697, 154, 7.20%, 36, 5, 2, 226.41
1561157812, 0, 4, 702, 699, 154, 7.21%, 36, 5, 2, 202.89
1561157817, 0, 4, 703, 700, 154, 7.21%, 36, 5, 2, 249.47
1561158036, 0, 4, 704, 701, 154, 7.21%, 36, 5, 2, 276.05
1561158437, 0, 4, 705, 702, 154, 7.21%, 36, 5, 2, 25.87
1561159449, 0, 4, 706, 703, 154, 7.21%, 36, 5, 2, 241.73
1561159632, 0, 4, 707, 704, 154, 7.21%, 36, 5, 2, 25.89
1561159811, 0, 6, 707, 703, 155, 7.21%, 36, 5, 2, 283.74
1561159837, 0, 6, 713, 709, 155, 7.25%, 36, 5, 3, 312.43
1561159847, 0, 6, 714, 710, 155, 7.67%, 36, 5, 3, 308.45
1561159852, 0, 6, 717, 713, 155, 7.74%, 36, 5, 3, 311.28
1561159857, 0, 6, 718, 714, 155, 7.76%, 36, 5, 3, 310.98
1561159887, 0, 6, 719, 715, 155, 7.76%, 36, 5, 3, 311.38
1561159913, 0, 6, 720, 716, 155, 7.76%, 36, 5, 3, 311.03
1561159933, 0, 6, 721, 717, 155, 7.77%, 36, 5, 3, 310.34
1561159938, 0, 6, 722, 718, 155, 7.79%, 36, 5, 3, 310.41
1561159943, 0, 7, 722, 717, 164, 7.79%, 36, 5, 3, 310.31
1561159963, 0, 8, 722, 716, 163, 7.79%, 36, 5, 3, 313.67
1561159989, 0, 10, 722, 715, 162, 7.79%, 36, 5, 3, 304.13
1561160009, 0, 12, 722, 714, 161, 7.79%, 36, 5, 3, 308.01
1561160177, 0, 12, 722, 714, 161, 7.79%, 37, 5, 3, 251.86
