# unix_time, cycles_done, cur_path, paths_total, pending_total, pending_favs, map_size, unique_crashes, unique_hangs, max_depth, execs_per_sec
1561174812, 0, 0, 5, 5, 5, 4.02%, 0, 0, 1, 227.27
1561174822, 0, 0, 36, 36, 5, 5.14%, 0, 0, 2, 273.28
1561174935, 0, 0, 50, 50, 5, 5.20%, 0, 0, 2, 256.00
1561174940, 0, 0, 52, 52, 5, 5.20%, 0, 0, 2, 258.63
1561174950, 0, 0, 57, 57, 5, 5.22%, 0, 0, 2, 245.76
1561174955, 0, 0, 58, 58, 5, 5.23%, 0, 0, 2, 253.02
1561174975, 0, 0, 68, 68, 5, 5.24%, 0, 0, 2, 260.41
1561174980, 0, 0, 76, 76, 5, 5.31%, 0, 0, 2, 258.70
1561174986, 0, 0, 105, 105, 5, 5.63%, 0, 0, 2, 11.91
1561174991, 0, 0, 125, 125, 5, 5.72%, 1, 0, 2, 219.49
1561174996, 0, 0, 138, 138, 5, 5.75%, 1, 0, 2, 250.09
1561175001, 0, 0, 159, 159, 5, 5.86%, 2, 0, 2, 22.01
1561175006, 0, 0, 168, 168, 5, 5.87%, 2, 0, 2, 228.34
1561175011, 0, 0, 177, 177, 5, 5.87%, 3, 0, 2, 285.69
1561175016, 0, 0, 184, 184, 5, 5.88%, 4, 0, 2, 277.23
1561175022, 0, 0, 194, 194, 5, 5.89%, 4, 0, 2, 264.02
1561175027, 0, 0, 201, 201, 5, 5.89%, 4, 0, 2, 251.30
1561175032, 0, 0, 225, 225, 5, 6.05%, 5, 0, 2, 145.84
1561175037, 0, 0, 253, 253, 5, 6.22%, 5, 0, 2, 210.75
1561175042, 0, 0, 261, 261, 5, 6.56%, 5, 0, 2, 254.31
1561175148, 0, 0, 263, 263, 5, 6.57%, 5, 0, 2, 260.14
1561175153, 0, 0, 264, 264, 5, 6.57%, 5, 0, 2, 255.69
1561175194, 0, 0, 267, 267, 5, 6.58%, 5, 0, 2, 260.56
1561175199, 0, 0, 275, 275, 5, 6.67%, 5, 0, 2, 252.99
1561175204, 0, 0, 278, 278, 5, 6.69%, 5, 0, 2, 261.37
1561175209, 0, 0, 285, 285, 5, 6.70%, 5, 0, 2, 51.21
1561175214, 0, 0, 286, 286, 5, 6.70%, 5, 0, 2, 218.50
1561175219, 0, 0, 287, 287, 5, 6.70%, 5, 0, 2, 274.37
1561175234, 0, 0, 293, 293, 5, 6.70%, 5, 0, 2, 257.19
1561175239, 0, 0, 305, 305, 5, 6.71%, 5, 0, 2, 242.63
1561175244, 0, 0, 309, 309, 5, 6.72%, 5, 0, 2, 259.98
1561175366, 0, 0, 310, 310, 5, 6.72%, 5, 0, 2, 252.73
1561175391, 0, 0, 311, 311, 5, 6.72%, 5, 0, 2, 256.71
1561175396, 0, 0, 312, 312, 5, 6.73%, 5, 0, 2, 262.28
1561175401, 0, 0, 313, 313, 5, 6.75%, 5, 0, 2, 279.48
1561175412, 0, 0, 314, 314, 5, 6.75%, 5, 0, 2, 240.39
1561175422, 0, 0, 315, 315, 5, 6.75%, 5, 0, 2, 273.68
1561175437, 0, 0, 317, 317, 5, 6.75%, 5, 0, 2, 268.89
1561175442, 0, 0, 322, 322, 5, 6.75%, 5, 0, 2, 255.76
1561175458, 0, 0, 323, 323, 5, 6.75%, 5, 0, 2, 263.54
1561175463, 0, 0, 324, 324, 5, 6.76%, 5, 0, 2, 254.95
1561175468, 0, 0, 328, 328, 5, 6.76%, 5, 0, 2, 243.83
1561175473, 0, 0, 330, 330, 5, 6.76%, 5, 0, 2, 252.68
1561175483, 0, 0, 334, 334, 5, 6.77%, 5, 0, 2, 244.74
1561175488, 0, 0, 348, 348, 5, 6.77%, 5, 0, 2, 271.64
1561175493, 0, 0, 356, 356, 5, 6.79%, 5, 0, 2, 270.71
1561175498, 0, 0, 358, 358, 5, 6.80%, 5, 0, 2, 258.39
1561175640, 0, 0, 359, 359, 5, 6.80%, 5, 0, 2, 262.22
1561175671, 0, 0, 362, 362, 5, 6.81%, 5, 0, 2, 249.80
1561175676, 0, 0, 363, 363, 5, 6.84%, 5, 0, 2, 260.15
1561175681, 0, 0, 364, 364, 5, 6.84%, 5, 0, 2, 22.99
1561175692, 0, 0, 365, 365, 5, 6.85%, 5, 0, 2, 245.01
1561175702, 0, 0, 366, 366, 5, 6.86%, 5, 0, 2, 262.96
1561175722, 0, 0, 368, 368, 5, 6.86%, 5, 0, 2, 263.70
1561175732, 0, 0, 372, 372, 5, 6.87%, 5, 0, 2, 262.57
1561175768, 0, 0, 373, 373, 5, 6.87%, 5, 0, 2, 262.35
1561175829, 0, 0, 374, 374, 5, 6.87%, 5, 0, 2, 250.66
1561175834, 0, 0, 375, 375, 5, 6.87%, 5, 0, 2, 252.35
1561175854, 0, 0, 378, 378, 5, 6.87%, 5, 0, 2, 151.96
1561175860, 0, 0, 380, 380, 5, 6.89%, 5, 0, 2, 229.81
1561175865, 0, 0, 395, 395, 5, 6.89%, 5, 0, 2, 24.44
1561175875, 0, 0, 396, 396, 5, 6.90%, 5, 0, 2, 247.47
1561175880, 0, 0, 397, 397, 5, 6.90%, 5, 0, 2, 47.05
1561175890, 0, 0, 398, 398, 5, 6.90%, 5, 0, 2, 257.24
1561175895, 0, 0, 399, 399, 5, 6.90%, 5, 0, 2, 253.03
1561175901, 0, 0, 402, 402, 5, 6.91%, 5, 0, 2, 248.46
1561175906, 0, 0, 404, 404, 5, 6.91%, 5, 0, 2, 247.57
1561175911, 0, 0, 406, 406, 5, 6.91%, 5, 0, 2, 244.86
1561175916, 0, 0, 408, 408, 5, 6.91%, 5, 0, 2, 247.47
1561175921, 0, 0, 409, 409, 5, 6.91%, 5, 0, 2, 244.29
1561176094, 0, 0, 409, 409, 5, 6.91%, 6, 0, 2, 206.56
1561176313, 0, 0, 409, 409, 5, 6.91%, 7, 0, 2, 231.57
1561176557, 0, 0, 410, 410, 5, 6.91%, 7, 0, 2, 266.01
1561176735, 0, 0, 412, 412, 5, 6.92%, 7, 0, 2, 240.48
1561176756, 0, 0, 418, 418, 5, 6.92%, 7, 0, 2, 251.72
1561176806, 0, 0, 419, 419, 5, 6.93%, 7, 0, 2, 254.34
1561176811, 0, 0, 422, 422, 5, 6.93%, 7, 0, 2, 251.05
1561176816, 0, 0, 423, 423, 5, 6.93%, 7, 0, 2, 252.61
1561176832, 0, 0, 424, 424, 5, 6.93%, 7, 0, 2, 240.19
1561176837, 0, 0, 434, 434, 5, 6.94%, 7, 0, 2, 222.62
1561176842, 0, 0, 436, 436, 5, 6.94%, 7, 0, 2, 264.64
1561176938, 0, 0, 439, 439, 5, 6.94%, 7, 0, 2, 27.59
1561176948, 0, 0, 442, 442, 5, 6.94%, 7, 0, 2, 264.06
1561177004, 0, 0, 443, 443, 5, 6.94%, 7, 0, 2, 266.29
1561177010, 0, 0, 444, 444, 5, 6.94%, 7, 0, 2, 253.08
1561177040, 0, 0, 445, 445, 5, 6.94%, 7, 0, 2, 260.94
1561177045, 0, 0, 448, 448, 5, 6.95%, 7, 0, 2, 268.85
1561177050, 0, 0, 449, 449, 5, 6.95%, 7, 0, 2, 267.11
1561177055, 0, 0, 450, 450, 5, 6.95%, 7, 0, 2, 250.73
1561177076, 0, 0, 452, 452, 5, 6.95%, 7, 0, 2, 222.66
1561177081, 0, 0, 466, 466, 5, 6.96%, 9, 0, 2, 266.87
1561177086, 0, 0, 480, 480, 5, 6.96%, 9, 0, 2, 286.88
1561177091, 0, 0, 490, 490, 5, 6.96%, 9, 0, 2, 292.16
1561177096, 0, 0, 493, 493, 5, 6.96%, 9, 0, 2, 291.24
1561177102, 0, 0, 502, 502, 5, 6.98%, 9, 0, 2, 287.53
1561177107, 0, 0, 506, 506, 5, 6.98%, 9, 0, 2, 290.27
1561177112, 0, 0, 511, 511, 5, 6.99%, 9, 0, 2, 282.87
1561177117, 0, 0, 520, 520, 5, 6.99%, 9, 0, 2, 288.30
1561177122, 0, 0, 521, 521, 5, 6.99%, 10, 0, 2, 292.25
1561177127, 0, 0, 523, 523, 5, 6.99%, 11, 0, 2, 291.60
1561177133, 0, 0, 524, 524, 5, 6.99%, 11, 0, 2, 282.75
1561177138, 0, 0, 526, 526, 5, 6.99%, 12, 0, 2, 279.59
1561177143, 0, 0, 529, 529, 5, 6.99%, 13, 0, 2, 284.38
1561177148, 0, 0, 530, 530, 5, 6.99%, 14, 0, 2, 285.16
1561177153, 0, 0, 533, 533, 5, 7.00%, 14, 0, 2, 278.10
1561177158, 0, 0, 534, 534, 5, 7.00%, 14, 0, 2, 291.69
1561177163, 0, 0, 534, 534, 5, 7.00%, 15, 0, 2, 291.13
1561177169, 0, 0, 537, 537, 5, 7.00%, 15, 0, 2, 294.87
1561177174, 0, 0, 539, 539, 5, 7.00%, 16, 0, 2, 297.40
1561177179, 0, 0, 544, 544, 5, 7.01%, 17, 0, 2, 293.76
1561177184, 0, 0, 545, 545, 5, 7.01%, 19, 0, 2, 290.18
1561177194, 0, 1, 547, 546, 150, 7.01%, 19, 0, 2, 301.60
1561177200, 0, 1, 549, 548, 150, 7.04%, 19, 0, 2, 297.32
1561177205, 0, 1, 550, 549, 150, 7.04%, 19, 0, 2, 267.27
1561177281, 0, 1, 551, 550, 150, 7.04%, 19, 0, 2, 253.72
1561177347, 0, 1, 552, 551, 150, 7.04%, 19, 0, 2, 261.23
1561177352, 0, 1, 558, 557, 150, 7.06%, 19, 0, 2, 6.71
1561177357, 0, 1, 558, 557, 150, 7.06%, 20, 0, 2, 268.60
1561177368, 0, 1, 560, 559, 150, 7.06%, 20, 0, 2, 280.67
1561177373, 0, 1, 561, 560, 150, 7.06%, 20, 0, 2, 266.78
1561177383, 0, 1, 570, 569, 150, 7.06%, 20, 0, 2, 233.83
1561177388, 0, 1, 572, 571, 150, 7.06%, 20, 0, 2, 254.07
1561177540, 0, 1, 573, 572, 150, 7.06%, 20, 0, 2, 257.69
1561177560, 0, 1, 575, 574, 150, 7.06%, 20, 0, 2, 237.99
1561177753, 0, 1, 576, 575, 150, 7.06%, 20, 0, 2, 248.33
1561177799, 0, 1, 577, 576, 150, 7.06%, 20, 0, 2, 270.90
1561177804, 0, 1, 580, 579, 150, 7.06%, 20, 0, 2, 265.88
1561178059, 0, 1, 581, 580, 150, 7.06%, 20, 0, 2, 261.21
1561178064, 0, 1, 582, 581, 150, 7.06%, 20, 0, 2, 255.28
1561178089, 0, 1, 583, 582, 150, 7.06%, 20, 0, 2, 258.98
1561178140, 0, 1, 584, 583, 150, 7.06%, 20, 0, 2, 246.76
1561178231, 0, 1, 589, 588, 150, 7.06%, 20, 0, 2, 26.58
