# unix_time, cycles_done, cur_path, paths_total, pending_total, pending_favs, map_size, unique_crashes, unique_hangs, max_depth, execs_per_sec
1561179297, 0, 0, 5, 5, 4, 2.04%, 0, 0, 1, 347.83
1561179302, 0, 1, 37, 37, 4, 2.79%, 0, 0, 2, 418.24
1561179358, 0, 1, 53, 53, 4, 2.84%, 0, 0, 2, 384.97
1561179368, 0, 1, 62, 62, 4, 2.89%, 0, 0, 2, 382.35
1561179373, 0, 1, 66, 66, 4, 2.89%, 0, 0, 2, 374.45
1561179378, 0, 1, 70, 70, 4, 2.89%, 0, 0, 2, 371.54
1561179389, 0, 1, 73, 73, 4, 2.89%, 0, 0, 2, 380.74
1561179394, 0, 1, 94, 94, 4, 2.93%, 0, 0, 2, 380.52
1561179399, 0, 1, 117, 117, 4, 3.10%, 0, 0, 2, 383.96
1561179404, 0, 1, 147, 147, 4, 3.18%, 0, 0, 2, 386.98
1561179409, 0, 1, 179, 179, 4, 3.32%, 0, 0, 2, 384.06
1561179414, 0, 1, 191, 191, 4, 3.33%, 0, 0, 2, 378.28
1561179419, 0, 1, 202, 202, 4, 3.34%, 0, 0, 2, 380.89
1561179425, 0, 1, 239, 239, 4, 3.48%, 0, 0, 2, 392.94
1561179430, 0, 1, 275, 275, 4, 3.66%, 1, 0, 2, 375.68
1561179435, 0, 1, 282, 282, 4, 3.66%, 1, 0, 2, 383.10
1561179486, 0, 1, 284, 284, 4, 3.67%, 1, 0, 2, 380.48
1561179521, 0, 1, 286, 286, 4, 3.67%, 1, 0, 2, 384.38
1561179526, 0, 1, 292, 292, 4, 3.70%, 1, 0, 2, 388.42
1561179531, 0, 1, 305, 305, 4, 3.79%, 1, 0, 2, 388.37
1561179536, 0, 1, 308, 308, 4, 3.80%, 1, 0, 2, 389.19
1561179541, 0, 1, 310, 310, 4, 3.80%, 1, 0, 2, 388.06
1561179547, 0, 1, 313, 313, 4, 3.81%, 1, 0, 2, 384.45
1561179552, 0, 1, 331, 331, 4, 3.82%, 1, 0, 2, 380.40
1561179557, 0, 1, 333, 333, 4, 3.82%, 1, 0, 2, 385.40
1561179618, 0, 1, 334, 334, 4, 3.83%, 1, 0, 2, 382.44
1561179643, 0, 1, 335, 335, 4, 3.83%, 1, 0, 2, 377.50
1561179648, 0, 1, 336, 336, 4, 3.83%, 1, 0, 2, 377.95
1561179653, 0, 1, 337, 337, 4, 3.84%, 1, 0, 2, 385.58
1561179663, 0, 1, 339, 339, 4, 3.84%, 1, 0, 2, 385.44
1561179673, 0, 1, 345, 345, 4, 3.84%, 1, 0, 2, 371.81
1561179684, 0, 1, 347, 347, 4, 3.84%, 1, 0, 2, 370.34
1561179689, 0, 1, 348, 348, 4, 3.85%, 1, 0, 2, 376.96
1561179694, 0, 1, 352, 352, 4, 3.86%, 1, 0, 2, 380.17
1561179699, 0, 1, 355, 355, 4, 3.86%, 1, 0, 2, 377.92
1561179704, 0, 1, 370, 370, 4, 3.87%, 1, 0, 2, 405.94
1561179710, 0, 1, 389, 389, 4, 3.89%, 1, 0, 2, 396.31
1561179715, 0, 1, 390, 390, 4, 3.89%, 1, 0, 2, 384.00
1561179853, 0, 1, 391, 391, 4, 3.89%, 1, 0, 2, 379.88
1561179878, 0, 1, 393, 393, 4, 3.92%, 1, 0, 2, 379.64
1561179883, 0, 1, 394, 394, 4, 3.92%, 1, 0, 2, 374.91
1561179888, 0, 1, 395, 395, 4, 3.92%, 1, 0, 2, 380.62
1561179893, 0, 1, 396, 396, 4, 3.93%, 1, 0, 2, 383.62
1561179899, 0, 1, 400, 400, 4, 3.93%, 1, 0, 2, 381.94
1561179909, 0, 1, 405, 405, 4, 3.94%, 1, 0, 2, 374.76
1561179914, 0, 1, 406, 406, 4, 3.94%, 1, 0, 2, 385.18
1561179924, 0, 1, 407, 407, 4, 3.94%, 1, 0, 2, 382.72
1561179929, 0, 1, 408, 408, 4, 3.94%, 1, 0, 2, 380.95
1561179934, 0, 1, 409, 409, 4, 3.95%, 1, 0, 2, 379.44
1561179939, 0, 1, 410, 410, 4, 3.95%, 1, 0, 2, 382.06
1561179945, 0, 1, 411, 411, 4, 3.95%, 1, 0, 2, 365.30
1561179950, 0, 1, 412, 412, 4, 3.96%, 1, 0, 2, 374.33
1561179960, 0, 1, 413, 413, 4, 3.96%, 1, 0, 2, 385.31
1561179965, 0, 1, 414, 414, 4, 3.96%, 1, 0, 2, 376.86
1561179975, 0, 1, 415, 415, 4, 3.96%, 1, 0, 2, 376.33
1561179980, 0, 1, 416, 416, 4, 3.96%, 1, 0, 2, 383.96
1561179986, 0, 1, 417, 417, 4, 3.96%, 1, 0, 2, 406.74
1561179991, 0, 1, 426, 426, 4, 3.96%, 1, 0, 2, 409.32
1561179996, 0, 1, 444, 444, 4, 3.98%, 1, 0, 2, 45.32
1561180001, 0, 1, 445, 445, 4, 3.98%, 1, 0, 2, 291.79
1561180011, 0, 1, 446, 446, 4, 3.98%, 1, 0, 2, 419.28
1561180016, 0, 1, 447, 447, 4, 3.98%, 1, 0, 2, 361.45
1561180021, 0, 1, 450, 450, 4, 3.99%, 1, 0, 2, 375.48
1561180026, 0, 1, 453, 453, 4, 3.99%, 1, 0, 2, 374.57
1561180031, 0, 1, 454, 454, 4, 3.99%, 1, 0, 2, 376.37
1561180036, 0, 1, 455, 455, 4, 3.99%, 1, 0, 2, 378.93
1561180326, 0, 1, 456, 456, 4, 3.99%, 1, 0, 2, 66.42
1561180331, 0, 1, 456, 456, 4, 3.99%, 2, 0, 2, 286.59
1561180531, 0, 1, 457, 457, 4, 3.99%, 2, 0, 2, 403.34
1561180643, 0, 1, 460, 460, 4, 4.00%, 2, 0, 2, 382.61
1561180659, 0, 1, 466, 466, 4, 4.01%, 2, 0, 2, 389.44
1561180689, 0, 1, 469, 469, 4, 4.01%, 2, 0, 2, 384.02
1561180704, 0, 1, 472, 472, 4, 4.01%, 2, 0, 2, 389.00
1561180715, 0, 1, 478, 478, 4, 4.01%, 2, 0, 2, 392.69
1561180720, 0, 1, 489, 489, 4, 4.02%, 2, 0, 2, 403.98
1561180812, 0, 1, 494, 494, 4, 4.02%, 2, 0, 2, 390.45
1561180848, 0, 1, 495, 495, 4, 4.02%, 2, 0, 2, 437.81
1561180853, 0, 1, 496, 496, 4, 4.02%, 2, 0, 2, 404.81
1561180873, 0, 1, 498, 498, 4, 4.03%, 2, 0, 2, 369.65
1561180889, 0, 1, 499, 499, 4, 4.03%, 2, 0, 2, 379.83
1561180894, 0, 1, 523, 523, 4, 4.06%, 3, 0, 2, 424.36
1561180899, 0, 1, 534, 534, 4, 4.06%, 3, 0, 2, 439.96
1561180904, 0, 1, 545, 545, 4, 4.07%, 3, 0, 2, 436.55
1561180909, 0, 1, 552, 552, 4, 4.07%, 3, 0, 2, 441.95
1561180914, 0, 1, 558, 558, 4, 4.07%, 3, 0, 2, 440.22
1561180919, 0, 1, 564, 564, 4, 4.08%, 3, 0, 2, 424.71
1561180924, 0, 1, 566, 566, 4, 4.08%, 3, 0, 2, 437.96
1561180930, 0, 1, 571, 571, 4, 4.08%, 3, 0, 2, 439.49
1561180935, 0, 1, 574, 574, 4, 4.08%, 3, 0, 2, 439.73
1561180940, 0, 1, 576, 576, 4, 4.08%, 3, 0, 2, 437.71
1561180945, 0, 1, 578, 578, 4, 4.08%, 3, 0, 2, 440.40
1561180950, 0, 1, 581, 581, 4, 4.08%, 3, 0, 2, 443.44
1561180955, 0, 1, 588, 588, 4, 4.08%, 4, 0, 2, 445.26
1561180965, 0, 1, 590, 590, 4, 4.08%, 4, 0, 2, 444.07
1561180970, 0, 3, 594, 593, 180, 4.09%, 4, 0, 2, 453.28
1561180975, 0, 3, 596, 595, 180, 4.09%, 4, 0, 2, 401.61
1561181061, 0, 3, 597, 596, 180, 4.09%, 4, 0, 2, 386.11
1561181082, 0, 3, 598, 597, 180, 4.09%, 4, 0, 2, 383.49
1561181097, 0, 3, 603, 602, 180, 4.11%, 4, 0, 2, 386.18
1561181102, 0, 3, 614, 613, 180, 4.13%, 4, 0, 2, 383.21
1561181107, 0, 3, 618, 617, 180, 4.13%, 4, 0, 2, 390.20
1561181112, 0, 3, 619, 618, 180, 4.13%, 4, 0, 2, 386.34
1561181117, 0, 3, 621, 620, 180, 4.13%, 4, 0, 2, 392.42
1561181128, 0, 3, 635, 634, 180, 4.14%, 5, 0, 2, 376.31
1561181133, 0, 3, 636, 635, 180, 4.14%, 5, 0, 2, 390.38
1561181260, 0, 3, 639, 638, 180, 4.15%, 5, 0, 2, 383.89
1561181265, 0, 3, 641, 640, 180, 4.15%, 5, 0, 2, 387.12
1561181275, 0, 3, 642, 641, 180, 4.15%, 5, 0, 2, 385.53
1561181280, 0, 3, 643, 642, 180, 4.15%, 5, 0, 2, 380.82
1561181286, 0, 3, 646, 645, 180, 4.15%, 5, 0, 2, 372.69
1561181291, 0, 3, 648, 647, 180, 4.15%, 5, 0, 2, 384.61
1561181444, 0, 3, 650, 649, 180, 4.15%, 5, 0, 2, 381.72
1561181464, 0, 3, 651, 650, 180, 4.15%, 5, 0, 2, 382.56
1561181475, 0, 3, 652, 651, 180, 4.15%, 5, 0, 2, 394.78
1561181480, 0, 3, 655, 654, 180, 4.15%, 5, 0, 2, 429.27
1561181648, 0, 3, 657, 656, 180, 4.15%, 5, 0, 2, 381.51
1561181664, 0, 3, 659, 658, 180, 4.16%, 5, 0, 2, 397.37
1561181684, 0, 3, 660, 659, 180, 4.16%, 5, 0, 2, 383.48
1561181700, 0, 3, 661, 660, 180, 4.16%, 5, 0, 2, 385.26
1561181705, 0, 3, 662, 661, 180, 4.16%, 5, 0, 2, 387.67
1561181725, 0, 3, 663, 662, 180, 4.16%, 5, 0, 2, 396.07
1561181781, 0, 3, 666, 665, 180, 4.16%, 5, 0, 2, 409.27
1561181786, 0, 3, 667, 666, 180, 4.16%, 5, 0, 2, 257.40
1561182149, 0, 3, 667, 666, 180, 4.16%, 6, 0, 2, 338.89
1561182497, 0, 3, 668, 667, 180, 4.16%, 6, 0, 2, 397.63
1561182543, 0, 3, 669, 668, 180, 4.16%, 6, 0, 2, 393.34
1561182563, 0, 3, 670, 669, 180, 4.16%, 6, 0, 2, 382.05
1561182789, 0, 3, 671, 670, 180, 4.16%, 6, 0, 2, 395.50
1561182794, 0, 3, 674, 673, 180, 4.16%, 6, 0, 2, 431.96
1561182799, 0, 3, 674, 673, 180, 4.16%, 7, 0, 2, 442.86
1561182804, 0, 3, 677, 676, 180, 4.16%, 7, 0, 2, 444.27
1561182809, 0, 3, 679, 678, 180, 4.16%, 7, 0, 2, 446.56
1561182824, 0, 3, 680, 679, 180, 4.16%, 8, 0, 2, 446.60
1561182829, 0, 3, 681, 680, 180, 4.16%, 8, 0, 2, 439.21
1561182834, 0, 3, 683, 682, 180, 4.16%, 8, 0, 2, 443.66
1561182839, 0, 3, 684, 683, 180, 4.16%, 9, 0, 2, 445.26
1561182845, 0, 3, 685, 684, 180, 4.16%, 9, 0, 2, 439.30
1561182850, 0, 3, 688, 687, 180, 4.16%, 9, 0, 2, 443.63
1561182855, 0, 3, 689, 688, 180, 4.16%, 9, 0, 2, 443.82
1561182860, 0, 3, 691, 690, 180, 4.16%, 9, 0, 2, 445.73
1561182865, 0, 4, 692, 690, 188, 4.16%, 9, 0, 2, 454.19
1561182870, 0, 4, 693, 691, 188, 4.17%, 9, 0, 2, 405.85
